#N canvas 468 260 790 393 10;
#N canvas 0 0 450 300 (subpatch) 0;
#X array \$0-env 256 float 3;
#A 0 0.0183156 0.0194921 0.0207341 0.0220444 0.0234261 0.0248822 0.0264159
0.0280305 0.0297292 0.0315155 0.0333928 0.0353647 0.0374347 0.0396066
0.041884 0.0442707 0.0467706 0.0493876 0.0521255 0.0549883 0.0579801
0.0611047 0.0643664 0.067769 0.0713167 0.0750134 0.0788633 0.0828703
0.0870384 0.0913714 0.0958734 0.100548 0.105399 0.11043 0.115645 0.121047
0.12664 0.132426 0.138409 0.144592 0.150977 0.157568 0.164365 0.171372
0.178591 0.186023 0.19367 0.201532 0.209611 0.217908 0.226423 0.235155
0.244105 0.253272 0.262655 0.272252 0.282063 0.292084 0.302314 0.312749
0.323387 0.334223 0.345253 0.356474 0.367879 0.379465 0.391223 0.40315
0.415237 0.427478 0.439864 0.452389 0.465043 0.477818 0.490704 0.503692
0.516771 0.52993 0.54316 0.556448 0.569783 0.583152 0.596544 0.609946
0.623344 0.636726 0.650077 0.663385 0.676634 0.689811 0.702901 0.71589
0.728763 0.741506 0.754103 0.766539 0.778801 0.790872 0.802738 0.814385
0.825797 0.83696 0.847861 0.858483 0.868815 0.878842 0.88855 0.897927
0.906961 0.915637 0.923946 0.931875 0.939413 0.94655 0.953275 0.95958
0.965455 0.970891 0.975882 0.980419 0.984496 0.988108 0.991249 0.993915
0.996101 0.997805 0.999024 0.999756 1 0.999756 0.999024 0.997805 0.996101
0.993915 0.991249 0.988108 0.984496 0.980419 0.975882 0.970891 0.965455
0.95958 0.953275 0.94655 0.939413 0.931875 0.923946 0.915637 0.906961
0.897927 0.88855 0.878842 0.868815 0.858483 0.847861 0.83696 0.825797
0.814385 0.802738 0.790872 0.778801 0.766539 0.754103 0.741506 0.728763
0.71589 0.702901 0.689811 0.676634 0.663385 0.650077 0.636726 0.623344
0.609946 0.596544 0.583152 0.569783 0.556448 0.54316 0.52993 0.516771
0.503692 0.490704 0.477818 0.465043 0.452389 0.439864 0.427478 0.415237
0.40315 0.391223 0.379465 0.367879 0.356474 0.345253 0.334223 0.323387
0.312749 0.302314 0.292084 0.282063 0.272252 0.262655 0.253272 0.244105
0.235155 0.226423 0.217908 0.209611 0.201532 0.19367 0.186023 0.178591
0.171372 0.164365 0.157568 0.150977 0.144592 0.138409 0.132426 0.12664
0.121047 0.115645 0.11043 0.105399 0.100548 0.0958734 0.0913714 0.0870384
0.0828703 0.0788633 0.0750134 0.0713167 0.067769 0.0643664 0.0611047
0.0579801 0.0549883 0.0521255 0.0493876 0.0467706 0.0442707 0.041884
0.0396066 0.0374347 0.0353647 0.0333928 0.0315155 0.0297292 0.0280305
0.0264159 0.0248822 0.0234261 0.0220444 0.0207341 0.0183156;
#X coords 0 1 255 0 200 140 1 0 0;
#X restore 177 191 graph;
#X obj 76 149 make.grain \$0-wave \$0-env \$0-grain;
#N canvas 0 0 450 300 (subpatch) 0;
#X array \$0-wave 256 float 3;
#A 0 0 0 0 0 0.0428574 0.0857149 0.128572 0.214287 0.285716 0.34286
0.385717 0.400003 0.44286 0.457146 0.471432 0.514289 0.528575 0.542861
0.585718 0.595242 0.604766 0.628576 0.657147 0.671433 0.700005 0.714291
0.728576 0.757148 0.771434 0.78572 0.78572 0.800005 0.800005 0.800005
0.800005 0.800005 0.800005 0.800005 0.800005 0.800005 0.800005 0.78572
0.78572 0.78572 0.78572 0.771434 0.757148 0.757148 0.750005 0.742862
0.742862 0.742862 0.728576 0.721434 0.714291 0.685719 0.685719 0.678576
0.642862 0.61429 0.585718 0.514289 0.500004 0.485718 0.414289 0.357145
0.257145 0.242859 0.214287 0.157144 0.0428575 0.0285717 -0.0428574
-0.0714291 -0.242859 -0.357145 -0.371431 -0.457146 -0.485718 -0.514289
-0.528575 -0.535718 -0.542861 -0.557147 -0.571433 -0.578575 -0.585718
-0.585718 -0.585718 -0.585718 -0.585718 -0.585718 -0.585718 -0.585718
-0.578575 -0.571433 -0.557147 -0.542861 -0.535718 -0.528575 -0.521432
-0.514289 -0.500003 -0.485718 -0.471432 -0.457146 -0.445717 -0.434289
-0.42286 -0.411431 -0.400003 -0.378574 -0.357145 -0.346431 -0.335717
-0.325002 -0.314288 -0.285716 -0.27143 -0.257145 -0.200001 -0.128572
-0.12381 -0.119048 -0.071429 8.56817e-008 0.0571434 0.0642863 0.100001
0.128572 0.185716 0.214287 0.22143 0.242859 0.257145 0.285716 0.292859
0.300002 0.328574 0.328574 0.357145 0.357145 0.385717 0.385717 0.400003
0.407146 0.428575 0.428575 0.457146 0.457146 0.464289 0.471432 0.471432
0.471432 0.485718 0.485718 0.485718 0.485718 0.485718 0.485718 0.485718
0.485718 0.471432 0.44286 0.433336 0.423813 0.414289 0.357145 0.347621
0.338098 0.328574 0.307145 0.285716 0.264288 0.242859 0.214287 0.128572
0.0857148 0.071429 0.0571432 -0.0571433 -0.085715 -0.17143 -0.185716
-0.214287 -0.300002 -0.314288 -0.321431 -0.371431 -0.400003 -0.428574
-0.44286 -0.457146 -0.500004 -0.528575 -0.557147 -0.571433 -0.585718
-0.628576 -0.657147 -0.671433 -0.676195 -0.680957 -0.700005 -0.700005
-0.714291 -0.714291 -0.728576 -0.728576 -0.742862 -0.742862 -0.742862
-0.742862 -0.742862 -0.742862 -0.742862 -0.742862 -0.742862 -0.742862
-0.728576 -0.723814 -0.719052 -0.714291 -0.700005 -0.695243 -0.690481
-0.657147 -0.650004 -0.642862 -0.635719 -0.628576 -0.61429 -0.585718
-0.557147 -0.550004 -0.542861 -0.500004 -0.485718 -0.478575 -0.457146
-0.44286 -0.414289 -0.400003 -0.39286 -0.371431 -0.34286 -0.314288
-0.307145 -0.300002 -0.271431 -0.242859 -0.214287 -0.214287 -0.200002
-0.185716 -0.157144;
#X coords 0 1 255 -1 200 140 1 0 0;
#X restore -38 191 graph;
#N canvas 0 0 450 300 (subpatch) 0;
#X array \$0-grain 256 float 3;
#A 0 0 0 0 0 0.00100398 0.00213277 0.00339635 0.00600657 0.00849412
0.0108054 0.0128802 0.014146 0.0165784 0.018106 0.0197455 0.022768
0.0247218 0.0268106 0.0305308 0.0327314 0.0350644 0.038409 0.0422982
0.0455024 0.049922 0.0535814 0.057458 0.0627451 0.0671443 0.0717923
0.0753296 0.080439 0.0843199 0.088345 0.092517 0.0968387 0.101313 0.105942
0.110728 0.115675 0.120783 0.123804 0.129145 0.134651 0.140323 0.143504
0.146637 0.15259 0.15721 0.161876 0.168201 0.174688 0.177849 0.182719
0.187612 0.186689 0.193416 0.198201 0.194346 0.192119 0.189414 0.171887
0.172628 0.173146 0.152408 0.135524 0.100601 0.0979085 0.08898 0.0671755
0.0188515 0.0129255 -0.0199305 -0.0341301 -0.119172 -0.179891 -0.191945
-0.242256 -0.263822 -0.286175 -0.301173 -0.312405 -0.323841 -0.339829
-0.356199 -0.368394 -0.380762 -0.388557 -0.396317 -0.404035 -0.411702
-0.41931 -0.42685 -0.434314 -0.436305 -0.438026 -0.433906 -0.429334
-0.430041 -0.430464 -0.430597 -0.43044 -0.423933 -0.416981 -0.409587
-0.401759 -0.396042 -0.38996 -0.383517 -0.376722 -0.369581 -0.352784
-0.335507 -0.327914 -0.32003 -0.311866 -0.303431 -0.277399 -0.264884
-0.252109 -0.196901 -0.127043 -0.122727 -0.118324 -0.0711505 8.54936e-008
0.0570876 0.0642706 0.100001 0.128541 0.185534 0.213817 0.220567 0.241381
0.254895 0.282319 0.288319 0.294128 0.320649 0.319009 0.344808 0.34271
0.367695 0.3651 0.375768 0.379409 0.39598 0.392419 0.414614 0.410484
0.412544 0.414314 0.409587 0.404716 0.411821 0.406526 0.401104 0.395561
0.389904 0.384141 0.378277 0.372322 0.355508 0.328383 0.3158 0.303403
0.291204 0.246363 0.235212 0.224289 0.213598 0.195567 0.1781 0.161201
0.144876 0.124962 0.0732583 0.0476958 0.0387974 0.0302819 -0.02953
-0.0431739 -0.0841213 -0.0887383 -0.0996529 -0.135718 -0.138244 -0.137404
-0.154232 -0.161261 -0.167668 -0.16805 -0.168175 -0.178238 -0.182492
-0.186211 -0.184794 -0.183183 -0.190027 -0.191942 -0.189386 -0.184096
-0.178857 -0.177292 -0.170875 -0.167969 -0.161732 -0.158763 -0.152718
-0.149711 -0.14387 -0.138189 -0.132669 -0.127306 -0.122101 -0.117051
-0.112155 -0.107412 -0.102819 -0.0964827 -0.0916639 -0.0870395 -0.0826044
-0.0773019 -0.0732781 -0.0694265 -0.063003 -0.0593918 -0.0559536 -0.0526822
-0.0495716 -0.04608 -0.0417715 -0.0377573 -0.0354017 -0.0331714 -0.0289902
-0.0267088 -0.0249459 -0.0225773 -0.0207129 -0.0183409 -0.0167537 -0.0155598
-0.0139044 -0.0121251 -0.010495 -0.00967984 -0.00891883 -0.00760833
-0.00641534 -0.00533194 -0.00501991 -0.00440891 -0.00385065 -0.0028782
;
#X coords 0 1 255 -1 200 140 1 0 0;
#X restore 387 192 graph;
#X obj 75 125 bng 15 250 50 0 empty empty empty 17 7 0 10 -262144 -1
-1;
#X obj -41 149 tabwrite~ \$0-wave;
#X obj -39 8 inlet~;
#X obj 74 99 loadbang;
#N canvas 645 321 450 300 checksignal 0;
#X obj 79 133 metro 100;
#X obj 79 70 tgl 15 0 empty empty empty 17 7 0 10 -262144 -1 -1 0 1
;
#X obj 79 27 >~ 0;
#X obj 79 49 avg~;
#X obj 16 133 spigot~;
#X obj 79 90 t f f;
#X obj 15 9 inlet~;
#X obj 15 197 outlet~;
#X obj 79 197 outlet;
#X connect 0 0 8 0;
#X connect 1 0 5 0;
#X connect 2 0 3 0;
#X connect 3 0 1 0;
#X connect 4 0 7 0;
#X connect 5 0 0 0;
#X connect 5 1 4 1;
#X connect 6 0 2 0;
#X connect 6 0 4 0;
#X restore -40 55 pd checksignal;
#X connect 4 0 1 0;
#X connect 6 0 8 0;
#X connect 7 0 4 0;
#X connect 8 0 5 0;
#X connect 8 1 5 0;
